# unix_time, cycles_done, cur_path, paths_total, pending_total, pending_favs, map_size, unique_crashes, unique_hangs, max_depth, execs_per_sec
13248198631, 0, 0, 1, 1, 1, 0.16%, 0, 0, 1, 100.25
13248198641, 0, 0, 2, 2, 1, 0.16%, 0, 0, 2, 275.85
13248198718, 0, 0, 3, 3, 1, 0.17%, 0, 0, 2, 1.85
13248198754, 0, 0, 4, 4, 1, 0.18%, 0, 0, 2, 3.89
13248198835, 0, 0, 5, 5, 1, 0.18%, 0, 0, 2, 1.46
13248198878, 0, 0, 6, 6, 1, 0.18%, 0, 0, 2, 0.33
13248199011, 0, 0, 7, 7, 1, 0.18%, 0, 0, 2, 1.25
13248224532, 0, 1, 7, 6, 3, 0.18%, 0, 0, 2, 248.56
13248227029, 0, 2, 7, 5, 2, 0.18%, 0, 0, 2, 1.18
13248228300, 0, 4, 7, 4, 1, 0.18%, 0, 0, 2, 220.76
13248229706, 0, 5, 7, 3, 0, 0.18%, 0, 0, 2, 229.56
13248230024, 0, 5, 8, 4, 0, 0.18%, 0, 0, 3, 15.02
13248230406, 0, 6, 8, 3, 0, 0.18%, 0, 0, 3, 158.50
13248230519, 0, 7, 8, 2, 0, 0.18%, 0, 0, 3, 175.08
13248230622, 0, 7, 9, 3, 0, 0.18%, 0, 0, 4, 65.28
13248230653, 0, 8, 9, 2, 0, 0.18%, 0, 0, 4, 178.92
13248230764, 0, 8, 11, 4, 0, 0.18%, 0, 0, 5, 95.35
13248230909, 1, 1, 11, 3, 0, 0.18%, 0, 0, 5, 4.88
13248231796, 1, 2, 11, 3, 0, 0.18%, 0, 0, 5, 0.81
13248231834, 1, 4, 11, 3, 0, 0.18%, 0, 0, 5, 0.66
13248232640, 1, 5, 11, 3, 0, 0.18%, 0, 0, 5, 7.24
